1 1520 1608
2 3381 1556
3 1537 1681
4 1792 1400
5 2184 1096
6 1838 903
7 1571 1199
8 1433 1299
9 1621 1993
10 1951 1812
11 2231 1664
12 2293 1813
13 2549 1464
14 2625 1333
15 2729 1385
16 2871 1463
17 2996 1531
18 2497 1877
19 2631 1924
20 2763 1022
21 2870 1097
22 3058 1067
23 2979 994
24 2778 970
25 2801 831
26 3112 856
27 3195 924
28 3293 669
29 3369 735
30 3563 919
31 3742 1090
32 3776 1120
33 3624 1299
34 3585 1267
35 3442 1512
36 3394 1480
37 3176 1640
38 3246 1644
39 3271 1792
40 3367 1693
41 3387 1626
42 3320 1650
43 1695 2253
44 1736 2399
45 1918 2360
46 2038 2183
47 2063 2286
48 2073 2336
49 2293 2290
50 2709 2124
51 2065 2519
52 2189 2512
53 1314 1434
54 1287 1643
55 1271 1750
56 1484 2069
57 2466 1619
58 1886 1328
59 2126 1715
60 2291 2133
61 2390 2070
62 2417 2151
63 2796 2344
64 1441 1335
65 1657 1575
66 2769 922
67 1997 1785
68 3406 1647
69 2804 1039