1 64 3
2 38
3 1 65 9
4 65 7 58 10
5 6 14 58
6 7 5
7 6 64
8 64 53
9 3 43 56 10
10 9 67 4 46
11 59 12 13
12 11 57 18 61 46 67
13 11 14
14 20 21 13 15 5
15 14 22 16
16 15 18 17
17 16 19 37
18 12 19
19 17 18 61 50
20 14 24 69
21 69 14
22 23 27
23 21 22 25
24 20 66
25 66 23
26 23 27
27 26 29 34
28 26
29 28
30 29 31
31 30 32
32 31 33
33 35 34
34 33 27 31
35 2 36
36 34 35
37 17 36 38
38 42 37
39 40 63
40 39 68
41 68 42
42 38 41
43 9 46 44
44 43 45
45 46 48 44
46 10 12 60 47 45 43
47 45 46 48
48 47 51 49
49 48 62 50
50 19 49 63
51 48 52
52 51 63
53 8 54
54 55 53
55 54 56
56 9 55
57 15
58 4 5 59
59 67 11 58
60 46 47
61 12 60 62
62 61 19
63 52 50 39
64 8 7 1
65 3 4
66 24 25
67 10 12 59
68 41 40
69 20 21
